R: [[ -5.   0. -inf -inf -inf -inf]
 [  0.  -5.   0.   0. -inf -inf]
 [-inf   0.  -5.   0. -inf 100.]
 [-inf   0.   0.  -5.   0. -inf]
 [-inf -inf -inf   0.  -5. 100.]
 [-inf -inf   0. -inf -inf   0.]]


t: [[ -5.   0. -inf -inf -inf -inf]
 [  0.  -5.   0.   0. -inf -inf]
 [-inf   0.  -5.   0. -inf 100.]
 [-inf   0.   0.  -5.   0. -inf]
 [-inf -inf -inf   0.  -5. 100.]
 [-inf -inf   0. -inf -inf   0.]]


Q: [[-0.00623038  0.03605294        -inf        -inf        -inf        -inf]
 [-0.03386433 -0.01215336  0.00527917  0.00587867        -inf        -inf]
 [       -inf -0.02054168  0.04219853 -0.00875327        -inf  0.01837293]
 [       -inf -0.04098411  0.03673311 -0.01017281 -0.04152361        -inf]
 [       -inf        -inf        -inf -0.0140765   0.04215807  0.04124228]
 [       -inf        -inf -0.01451457        -inf -0.02564172 -0.02567544]]


Final Q: [[-1.69712091e-02  1.59256996e+01            -inf            -inf
             -inf            -inf]
 [ 6.02406797e+00  7.66633278e+00  3.99968025e+01  1.35041327e+01
             -inf            -inf]
 [           -inf  1.30506392e+01  3.49975036e+01  1.59873123e+01
             -inf  9.99932567e+01]
 [           -inf  1.35062658e+01  3.21163021e+01  1.05761192e+01
   3.99973364e+01            -inf]
 [           -inf            -inf            -inf  1.58833980e+01
   2.94836739e+01  9.99932313e+01]
 [           -inf            -inf -1.45145717e-02            -inf
  -2.56417227e-02 -2.56754363e-02]]


