R: [[ -5.   0. -inf -inf -inf -inf]
 [  0.  -5.   0.   0. -inf -inf]
 [-inf   0.  -5.   0. -inf 100.]
 [-inf   0.   0.  -5.   0. -inf]
 [-inf -inf -inf   0.  -5. 100.]
 [-inf -inf   0. -inf -inf   0.]]


t: [[ -5.   0. -inf -inf -inf -inf]
 [  0.  -5.   0.   0. -inf -inf]
 [-inf   0.  -5.   0. -inf 100.]
 [-inf   0.   0.  -5.   0. -inf]
 [-inf -inf -inf   0.  -5. 100.]
 [-inf -inf   0. -inf -inf   0.]]


Q: [[-0.0275399  -0.04275563        -inf        -inf        -inf        -inf]
 [ 0.00315993 -0.03786872 -0.00270126 -0.00354219        -inf        -inf]
 [       -inf  0.03592197  0.01643133 -0.00030061        -inf  0.00040289]
 [       -inf  0.02449719 -0.00531835 -0.01137428  0.01794553        -inf]
 [       -inf        -inf        -inf -0.02617963  0.0372499  -0.00970117]
 [       -inf        -inf -0.02768912        -inf -0.04774272 -0.03997742]]


Final Q: [[-2.05159331e-02  6.62682375e+00            -inf            -inf
             -inf            -inf]
 [-2.07716029e-07  7.43299959e-05  2.30579007e+01  3.16570694e-03
             -inf            -inf]
 [           -inf  1.26061696e+00  1.61279058e-03  8.50913918e-02
             -inf  9.55111904e+01]
 [           -inf  4.45780797e-15  3.13981119e+01  2.58208761e-15
   4.05452075e-05            -inf]
 [           -inf            -inf            -inf  7.03003851e-12
   3.57230632e-06  7.15220651e+01]
 [           -inf            -inf -3.18545255e-41            -inf
  -5.49248897e-41 -4.59914243e-41]]


