This is the default baseline run 


PARAMETER DATA: 
 {'activation': 'relu', 'alpha': 0.0001, 'batch_size': 'auto', 'beta_1': 0.9, 'beta_2': 0.999, 'early_stopping': False, 'epsilon': 1e-08, 'hidden_layer_sizes': (100,), 'learning_rate': 'constant', 'learning_rate_init': 0.001, 'max_iter': 200, 'momentum': 0.9, 'n_iter_no_change': 10, 'nesterovs_momentum': True, 'power_t': 0.5, 'random_state': 13, 'shuffle': True, 'solver': 'adam', 'tol': 0.0001, 'validation_fraction': 0.1, 'verbose': False, 'warm_start': False} 
 

Random Seed used: 13

Number of Layers:  1

Number of Hidden Nodes:  100

Number of Epochs : 200 (default baseline run)

Initial I-->H Weights:
 [[ 0.1259803  -0.12295689  0.14745791 ... -0.10430826  0.0711722
   0.0195565 ]
 [ 0.08871935  0.21147941 -0.10210373 ...  0.08572522 -0.09213048
  -0.15581088]
 [ 0.19107161 -0.19951233 -0.01376767 ... -0.10791489  0.1387622
  -0.16095946]
 ...
 [ 0.18949208  0.10014421 -0.0400035  ...  0.14031932 -0.16691805
  -0.12731029]
 [ 0.22390039  0.06992581 -0.19301166 ...  0.20591255  0.07014212
   0.06744778]
 [-0.11046668  0.05910824 -0.23140527 ... -0.02237312 -0.14325504
  -0.02092874]] 

Initial I-->H Bias:
 [-0.05044198 -0.10662235  0.18457202  0.20098494 -0.1257867  -0.11264537
 -0.01102715 -0.06555321 -0.22563186  0.09940693 -0.07570677 -0.19034211
  0.03617722 -0.12511352  0.16142749  0.17077888  0.19626438 -0.0215048
  0.10323726 -0.14024997 -0.208276    0.1094785  -0.20183245  0.07379595
 -0.18327882  0.00504584  0.21196693  0.10725942 -0.12014721 -0.19025657
  0.11292357  0.21516205  0.14375087 -0.17728025 -0.13446429  0.06509039
  0.23151656  0.16266952 -0.0524606   0.00747213  0.05075642 -0.02941707
  0.20812503  0.22657292 -0.03371403  0.20263565 -0.01301313  0.03315193
 -0.21568945  0.09166718 -0.14714765 -0.03695492 -0.17242469  0.0638508
 -0.02692492 -0.03437377  0.10171308 -0.15395144  0.18599628  0.08562413
 -0.20706296 -0.10974645 -0.19000187  0.05375966 -0.03706064  0.08721907
 -0.19409204 -0.12598924 -0.13602428 -0.20761133 -0.17831565  0.07561977
 -0.12434144 -0.16335789  0.08944123 -0.12015851  0.16756323  0.21760366
 -0.18613079  0.14697367  0.18394021 -0.0367406   0.06381867  0.13237984
  0.22228409  0.20554203  0.21282011 -0.18050596 -0.22112049  0.22215761
  0.21504704  0.04770167  0.07936816 -0.18359369 -0.02427418 -0.04789053
 -0.09216335  0.03561263  0.20432981  0.04800324] 

Initial H-->O Weights:
 [[-0.20019761]
 [-0.19221351]
 [-0.18400844]
 [-0.02079077]
 [ 0.07294523]
 [ 0.03273709]
 [-0.13645805]
 [-0.20226844]
 [-0.06249421]
 [ 0.05366858]
 [-0.0376048 ]
 [ 0.09850286]
 [-0.0059235 ]
 [ 0.14277849]
 [ 0.13209496]
 [ 0.0524472 ]
 [ 0.09327237]
 [-0.07458944]
 [ 0.21764958]
 [-0.00618918]
 [-0.2042736 ]
 [-0.23204933]
 [-0.20827705]
 [-0.10893328]
 [-0.02912508]
 [-0.13793142]
 [-0.12614716]
 [ 0.10422079]
 [ 0.06023509]
 [ 0.13189668]
 [-0.00600104]
 [-0.13664628]
 [ 0.24288929]
 [-0.15325866]
 [-0.10230088]
 [ 0.20843249]
 [ 0.18113795]
 [ 0.06761012]
 [ 0.15676465]
 [-0.15938451]
 [-0.17701994]
 [-0.04258969]
 [-0.17145741]
 [ 0.12879736]
 [ 0.19182744]
 [-0.07873469]
 [ 0.0196002 ]
 [-0.0707223 ]
 [ 0.05491974]
 [ 0.23401269]
 [ 0.2198802 ]
 [-0.16242036]
 [ 0.10344773]
 [ 0.20513127]
 [-0.11390188]
 [ 0.0260916 ]
 [ 0.06671137]
 [-0.21467924]
 [ 0.05457897]
 [-0.23227085]
 [-0.22810945]
 [ 0.19544253]
 [ 0.08429826]
 [-0.04554458]
 [ 0.21971254]
 [-0.00308804]
 [-0.10104498]
 [ 0.16074849]
 [-0.1449825 ]
 [-0.07267424]
 [ 0.14584774]
 [ 0.04469581]
 [-0.11701409]
 [ 0.0573745 ]
 [ 0.10321328]
 [ 0.09443703]
 [-0.11745986]
 [ 0.01769041]
 [-0.02778249]
 [-0.07312289]
 [-0.16929766]
 [-0.1777896 ]
 [ 0.0248566 ]
 [-0.12374819]
 [ 0.07758303]
 [ 0.06862321]
 [ 0.1121638 ]
 [ 0.10262812]
 [ 0.03097476]
 [ 0.17879472]
 [ 0.07750174]
 [-0.03102699]
 [-0.14739196]
 [-0.21981274]
 [-0.02318656]
 [ 0.02273634]
 [ 0.03652124]
 [ 0.15167564]
 [ 0.11623323]
 [-0.03742518]] 

Initial H-->O Bias:
 [-0.04209653] 

Target Values for Test Data before Training: 
 [12.  15.2 21.  24.  19.4 22.2 23.3 15.6 20.8 13.8 19.6 27.1 36.5 15.2
 11.7 14.1 17.2 16.8 32.9 21.4 32.4 23.5 20.4 13.1 12.6 10.4 50.  23.1
 13.4 24.3 25.   7.4  7.  22.  15.3  8.4 16.4 18.1 43.8  8.5 18.6 21.1
 50.  11.8 17.4 33.3 14.8  8.8 26.6 16.8 30.1 23.7 50.  19.5 16.1 24.1
 20.4 36.4 41.3 21.7 21.7 14.  21.7 20.4 20.  34.7 24.5 11.7 14.3 13.1
 17.4 20.1 19.5 21.  30.1 18.4 34.6 20.1 43.5 21.6 18.3 21.4 18.9 13.4
 30.8 25.  25.2  8.8 31.1 13.4 48.3 17.8  5.6 12.7 16.1 20.9 19.9 13.9
 22.6 21.2 21.2 22.9 20.5 22.8 19.4 21.7 23.1 26.5 18.5 20.2 27.5 50.
 21.9 23.4 32.7 14.9 15.6 20.3 11.9 30.5 31.6 21.9 25.  23.  17.   7.2
 44.8] 

Output Values for Test Data before Training: 
 [-40.36821017 -36.9339931   -9.14550969 -12.54590677 -10.03574901
 -12.25208149 -17.87633212 -29.11122083 -35.82787112 -39.47763455
 -14.84569124  -9.75130545  -9.51185016 -37.90386471 -70.65122028
 -61.53639318 -65.75665787 -38.01832061 -25.85702948 -40.48527565
 -19.45611333 -24.92508189 -12.87721724  -6.99942589 -37.58199901
 -62.18051553 -36.60832141 -19.65937158 -16.49566189 -17.52588926
 -20.54522789 -42.37025232 -70.25912936 -18.49654002 -16.55446052
 -66.59280297 -41.68219575 -16.78692544 -12.4223664  -36.34231915
 -23.62674893 -12.26487208 -17.28321357 -64.10855086 -16.82209134
 -22.55077942  -6.2388444  -44.55675557 -17.62846517 -14.19786355
  -8.78310845 -15.39717959 -16.65100214 -11.41478596 -61.59815695
 -21.17333513 -12.28518892 -22.77049578 -16.11054607  -9.26782657
  -9.22307181 -17.04760492 -16.55949391 -17.34782237 -15.74967291
 -11.17974208 -22.90219205 -61.48350216 -59.46673862 -36.80020659
 -15.05341694 -43.79582387 -10.84261775 -13.62707988 -19.61044248
 -16.98541756 -21.42076237 -18.93147633 -14.78111359 -10.9919736
 -15.34353646 -11.95175851 -10.75848049 -58.99887525 -23.48107773
 -13.78324479 -15.65443386 -88.46721094 -23.58279921 -68.11602976
 -11.68491998 -37.08790988 -41.85618785  -7.08153301 -15.1591767
 -17.510135   -43.25789215 -40.68364061  -9.69262079 -18.11598732
 -12.53167864 -16.75524955 -13.25243601 -13.33927195 -22.63570013
 -16.57727796 -23.10655379 -14.26551179 -16.52473737 -12.86508352
 -52.39842243 -12.76684235 -38.42244321 -17.62318687 -16.01321503
 -38.56370702 -15.47480556 -20.01743495 -41.2739232  -22.16109221
 -10.19030433 -38.78529973 -16.30736182 -14.89672722 -15.11858798
 -39.27487041 -11.00483737] 

RMSE Pre-Train Train Data:
 47.72121619844026 

RMSE Pre-Train Test Data:
 50.013359727746916 

Final I-->H Weights:
 [[ 0.11243477 -0.13645964  0.1018631  ... -0.06361441  0.28838295
   0.00595709]
 [ 0.05381772  0.17670032 -0.00189313 ...  0.12231183 -0.0359435
  -0.1877808 ]
 [ 0.19019234 -0.20043252 -0.03518646 ... -0.12679649  0.13911244
  -0.16353295]
 ...
 [ 0.19065939  0.1012385  -0.06137025 ...  0.12636925 -0.18724648
  -0.12833758]
 [ 0.21730745  0.06333275 -0.19043722 ...  0.21241295  0.09460531
   0.05990436]
 [-0.05293217  0.1161359  -0.2404175  ... -0.10932208 -0.31129238
   0.0267635 ]] 

Final I-->H Bias:
 [-0.06142066 -0.11757458  0.16323169  0.19498926 -0.1257867  -0.0909722
 -0.01102715 -0.07846692 -0.23691052  0.10964894 -0.09343367 -0.16125101
  0.03223909 -0.11541965  0.17209006  0.17077888  0.19626438 -0.0215048
  0.10323726 -0.15255269 -0.21765599  0.10087789 -0.21000753  0.06018653
 -0.18327882 -0.00436716  0.21196693  0.10725942 -0.12014721 -0.17963646
  0.10260639  0.21129186  0.16782438 -0.17728025 -0.14551538  0.06509039
  0.24222213  0.1720546  -0.04183236  0.00747213  0.05075642 -0.02941707
  0.19718325  0.2371082  -0.03371403  0.18958675 -0.00439578  0.02798918
 -0.19342606  0.10226872 -0.14166952 -0.03695492 -0.17635107  0.06127348
 -0.03678925 -0.03437377  0.1313044  -0.16484804  0.19627971  0.07470143
 -0.21797034 -0.09909166 -0.19000187  0.03768967 -0.02629783  0.08721907
 -0.2186915  -0.11541299 -0.15236563 -0.21943149 -0.17831565  0.07561977
 -0.13547171 -0.1528083   0.09439541 -0.11146665  0.16756323  0.2134394
 -0.18613079  0.14102162  0.16945599 -0.04465971  0.06381867  0.130886
  0.22776043  0.20554203  0.21282011 -0.16987828 -0.17843552  0.23279882
  0.24198625  0.03939578  0.07305253 -0.21029854 -0.03587413 -0.04789053
 -0.09216335  0.04315938  0.23288891  0.03671413] 

Final H-->O Weights:
 [[-1.93721754e-01]
 [-1.84823262e-01]
 [-1.52976541e-01]
 [ 2.50080419e-02]
 [ 4.62000727e-04]
 [ 5.65120106e-02]
 [-5.86360403e-03]
 [-1.84500725e-01]
 [-5.64565992e-02]
 [ 5.86854307e-02]
 [-2.25778779e-02]
 [ 1.44457909e-01]
 [ 1.12069535e-02]
 [ 1.11817899e-01]
 [ 1.39315675e-01]
 [ 1.10684393e-04]
 [ 1.30613658e-03]
 [-5.08369357e-04]
 [ 2.82831928e-02]
 [ 5.47815678e-03]
 [-1.98204398e-01]
 [-2.25600507e-01]
 [-1.78018632e-01]
 [-9.31132221e-02]
 [-9.26767245e-06]
 [-1.22243967e-01]
 [-4.36066402e-03]
 [ 2.05721930e-03]
 [ 2.01899172e-04]
 [ 1.38103002e-01]
 [ 8.61602889e-03]
 [-1.27875445e-01]
 [ 3.55011691e-01]
 [-8.94271666e-03]
 [-9.49438871e-02]
 [ 2.47950622e-02]
 [ 1.88920819e-01]
 [ 8.83648214e-02]
 [ 1.61130551e-01]
 [-1.02666138e-02]
 [-1.46894649e-02]
 [-4.51138073e-05]
 [-1.61940875e-01]
 [ 1.31967498e-01]
 [ 1.91027852e-02]
 [-7.26457559e-02]
 [ 1.98707301e-02]
 [-6.33157173e-02]
 [ 9.89506667e-02]
 [ 2.39323078e-01]
 [ 2.23963897e-01]
 [-1.09631861e-02]
 [ 9.79915579e-02]
 [ 2.09341039e-01]
 [-1.04936712e-01]
 [ 5.97899902e-06]
 [ 1.28522808e-01]
 [-2.03684004e-01]
 [ 6.03725700e-02]
 [-2.22913687e-01]
 [-2.18425190e-01]
 [ 2.04096668e-01]
 [ 8.55575479e-04]
 [ 1.52075083e-02]
 [ 2.28312907e-01]
 [-1.13808979e-08]
 [-7.43648222e-02]
 [ 1.61547157e-01]
 [-1.33454066e-01]
 [-6.19189131e-02]
 [ 7.48587533e-03]
 [ 5.54796428e-05]
 [-1.13822082e-01]
 [ 6.72710551e-02]
 [ 1.35639333e-01]
 [ 1.04128151e-01]
 [-3.30963371e-03]
 [-1.23066313e-03]
 [-7.66924000e-06]
 [-5.59892456e-02]
 [-1.56973951e-01]
 [-1.51761792e-01]
 [ 4.94492922e-06]
 [-1.12827572e-01]
 [ 9.88655516e-02]
 [ 3.55141034e-04]
 [ 2.76011291e-03]
 [ 1.10967294e-01]
 [ 1.22700630e-01]
 [ 1.81214266e-01]
 [ 1.26767143e-01]
 [-1.61004243e-02]
 [-1.60944926e-01]
 [-1.95381435e-01]
 [-1.34807170e-02]
 [ 3.50716810e-06]
 [ 2.35223160e-05]
 [ 1.75440000e-01]
 [ 2.33672721e-01]
 [-2.95250960e-02]] 

Final H-->O Bias:
 [-0.03124886] 

Target Values for Test Data post Training: 
 [12.  15.2 21.  24.  19.4 22.2 23.3 15.6 20.8 13.8 19.6 27.1 36.5 15.2
 11.7 14.1 17.2 16.8 32.9 21.4 32.4 23.5 20.4 13.1 12.6 10.4 50.  23.1
 13.4 24.3 25.   7.4  7.  22.  15.3  8.4 16.4 18.1 43.8  8.5 18.6 21.1
 50.  11.8 17.4 33.3 14.8  8.8 26.6 16.8 30.1 23.7 50.  19.5 16.1 24.1
 20.4 36.4 41.3 21.7 21.7 14.  21.7 20.4 20.  34.7 24.5 11.7 14.3 13.1
 17.4 20.1 19.5 21.  30.1 18.4 34.6 20.1 43.5 21.6 18.3 21.4 18.9 13.4
 30.8 25.  25.2  8.8 31.1 13.4 48.3 17.8  5.6 12.7 16.1 20.9 19.9 13.9
 22.6 21.2 21.2 22.9 20.5 22.8 19.4 21.7 23.1 26.5 18.5 20.2 27.5 50.
 21.9 23.4 32.7 14.9 15.6 20.3 11.9 30.5 31.6 21.9 25.  23.  17.   7.2
 44.8] 

Output Values for Test Data post Training: 
 [13.80213029 19.10855434 21.18939161 29.01848647 22.32839664 27.15048787
 27.45312488 12.70380384 22.74250309 10.90950896 18.43496147 20.19945612
 28.86681455 20.17401047 11.15162899 15.3803572  13.8186507  20.72013142
 30.41872622 18.50935318 32.07373687 30.09732709 26.00489956 17.86265751
 19.50207373 13.44282167 26.16449606 17.14405272 16.507868   24.82845298
 25.76986698 10.99902864  8.61351485 24.77793802 19.37637511 11.43887024
 16.82362166 20.01558712 29.41961019 19.35751487 26.3592251  27.32782961
 24.04530122 13.28763022 19.30609443 31.09983838 17.18420985  9.84430975
 27.99275418 21.8304292  29.89237754 11.59878892 25.92780865 21.05584207
 16.40923327 27.42629948 22.20098089 27.05040145 22.46663977 20.11123188
 21.96690814 16.8385576  22.20314878 18.89361535 20.57275961 27.92718654
 31.6617956  17.00414042 16.96483605 19.92088188 16.16481755 17.22436797
 22.1044849  22.37757698 37.8797906  20.36397928 29.67746177 25.98929331
 29.84995096 23.75190853 21.24770356 21.39892628 25.89130689 15.95558081
 34.23572734 26.81841679 29.82290026  7.59826406 31.07095048 11.6591939
 25.71544311 19.61249186 12.6299247  16.12511821 17.99707134 24.46000026
 16.27570107 14.65646556 26.78366127 19.63457516 24.8299016  28.59353684
 27.0050085  27.16823514 27.78277416 21.55255532 29.70037699 24.35251603
 22.98888169 14.81251844 17.0730618  28.19091096 18.51624496 23.18230061
 30.04059132 17.19980878 16.27340726 20.31391693 13.61187031 26.54330217
 23.53883671 23.68779332 15.31436805 26.66927921 18.04594372 13.54305046
 26.1857776 ] 

RMSE Post-Train Train Data:
 6.18397305282605 

RMSE Post-Train Test Data:
 6.963503683175611 

