This is the best run 


PARAMETER DATA: 
 {'activation': 'relu', 'alpha': 0.0001, 'batch_size': 'auto', 'beta_1': 0.9, 'beta_2': 0.999, 'early_stopping': False, 'epsilon': 1e-08, 'hidden_layer_sizes': (100,), 'learning_rate': 'constant', 'learning_rate_init': 0.001, 'max_iter': 2000, 'momentum': 0.9, 'n_iter_no_change': 10, 'nesterovs_momentum': True, 'power_t': 0.5, 'random_state': 13, 'shuffle': True, 'solver': 'adam', 'tol': 0.0001, 'validation_fraction': 0.1, 'verbose': False, 'warm_start': False} 
 

Random Seed used: 13

Number of Layers:  1

Number of Hidden Nodes:  100

Number of Epochs : 2000 (best run)

Initial I-->H Weights:
 [[ 0.1259803  -0.12295689  0.14745791 ... -0.10430826  0.0711722
   0.0195565 ]
 [ 0.08871935  0.21147941 -0.10210373 ...  0.08572522 -0.09213048
  -0.15581088]
 [ 0.19107161 -0.19951233 -0.01376767 ... -0.10791489  0.1387622
  -0.16095946]
 ...
 [ 0.18949208  0.10014421 -0.0400035  ...  0.14031932 -0.16691805
  -0.12731029]
 [ 0.22390039  0.06992581 -0.19301166 ...  0.20591255  0.07014212
   0.06744778]
 [-0.11046668  0.05910824 -0.23140527 ... -0.02237312 -0.14325504
  -0.02092874]] 

Initial I-->H Bias:
 [-0.05044198 -0.10662235  0.18457202  0.20098494 -0.1257867  -0.11264537
 -0.01102715 -0.06555321 -0.22563186  0.09940693 -0.07570677 -0.19034211
  0.03617722 -0.12511352  0.16142749  0.17077888  0.19626438 -0.0215048
  0.10323726 -0.14024997 -0.208276    0.1094785  -0.20183245  0.07379595
 -0.18327882  0.00504584  0.21196693  0.10725942 -0.12014721 -0.19025657
  0.11292357  0.21516205  0.14375087 -0.17728025 -0.13446429  0.06509039
  0.23151656  0.16266952 -0.0524606   0.00747213  0.05075642 -0.02941707
  0.20812503  0.22657292 -0.03371403  0.20263565 -0.01301313  0.03315193
 -0.21568945  0.09166718 -0.14714765 -0.03695492 -0.17242469  0.0638508
 -0.02692492 -0.03437377  0.10171308 -0.15395144  0.18599628  0.08562413
 -0.20706296 -0.10974645 -0.19000187  0.05375966 -0.03706064  0.08721907
 -0.19409204 -0.12598924 -0.13602428 -0.20761133 -0.17831565  0.07561977
 -0.12434144 -0.16335789  0.08944123 -0.12015851  0.16756323  0.21760366
 -0.18613079  0.14697367  0.18394021 -0.0367406   0.06381867  0.13237984
  0.22228409  0.20554203  0.21282011 -0.18050596 -0.22112049  0.22215761
  0.21504704  0.04770167  0.07936816 -0.18359369 -0.02427418 -0.04789053
 -0.09216335  0.03561263  0.20432981  0.04800324] 

Initial H-->O Weights:
 [[-0.20019761]
 [-0.19221351]
 [-0.18400844]
 [-0.02079077]
 [ 0.07294523]
 [ 0.03273709]
 [-0.13645805]
 [-0.20226844]
 [-0.06249421]
 [ 0.05366858]
 [-0.0376048 ]
 [ 0.09850286]
 [-0.0059235 ]
 [ 0.14277849]
 [ 0.13209496]
 [ 0.0524472 ]
 [ 0.09327237]
 [-0.07458944]
 [ 0.21764958]
 [-0.00618918]
 [-0.2042736 ]
 [-0.23204933]
 [-0.20827705]
 [-0.10893328]
 [-0.02912508]
 [-0.13793142]
 [-0.12614716]
 [ 0.10422079]
 [ 0.06023509]
 [ 0.13189668]
 [-0.00600104]
 [-0.13664628]
 [ 0.24288929]
 [-0.15325866]
 [-0.10230088]
 [ 0.20843249]
 [ 0.18113795]
 [ 0.06761012]
 [ 0.15676465]
 [-0.15938451]
 [-0.17701994]
 [-0.04258969]
 [-0.17145741]
 [ 0.12879736]
 [ 0.19182744]
 [-0.07873469]
 [ 0.0196002 ]
 [-0.0707223 ]
 [ 0.05491974]
 [ 0.23401269]
 [ 0.2198802 ]
 [-0.16242036]
 [ 0.10344773]
 [ 0.20513127]
 [-0.11390188]
 [ 0.0260916 ]
 [ 0.06671137]
 [-0.21467924]
 [ 0.05457897]
 [-0.23227085]
 [-0.22810945]
 [ 0.19544253]
 [ 0.08429826]
 [-0.04554458]
 [ 0.21971254]
 [-0.00308804]
 [-0.10104498]
 [ 0.16074849]
 [-0.1449825 ]
 [-0.07267424]
 [ 0.14584774]
 [ 0.04469581]
 [-0.11701409]
 [ 0.0573745 ]
 [ 0.10321328]
 [ 0.09443703]
 [-0.11745986]
 [ 0.01769041]
 [-0.02778249]
 [-0.07312289]
 [-0.16929766]
 [-0.1777896 ]
 [ 0.0248566 ]
 [-0.12374819]
 [ 0.07758303]
 [ 0.06862321]
 [ 0.1121638 ]
 [ 0.10262812]
 [ 0.03097476]
 [ 0.17879472]
 [ 0.07750174]
 [-0.03102699]
 [-0.14739196]
 [-0.21981274]
 [-0.02318656]
 [ 0.02273634]
 [ 0.03652124]
 [ 0.15167564]
 [ 0.11623323]
 [-0.03742518]] 

Initial H-->O Bias:
 [-0.04209653] 

Target Values for Test Data before Training: 
 [12.  15.2 21.  24.  19.4 22.2 23.3 15.6 20.8 13.8 19.6 27.1 36.5 15.2
 11.7 14.1 17.2 16.8 32.9 21.4 32.4 23.5 20.4 13.1 12.6 10.4 50.  23.1
 13.4 24.3 25.   7.4  7.  22.  15.3  8.4 16.4 18.1 43.8  8.5 18.6 21.1
 50.  11.8 17.4 33.3 14.8  8.8 26.6 16.8 30.1 23.7 50.  19.5 16.1 24.1
 20.4 36.4 41.3 21.7 21.7 14.  21.7 20.4 20.  34.7 24.5 11.7 14.3 13.1
 17.4 20.1 19.5 21.  30.1 18.4 34.6 20.1 43.5 21.6 18.3 21.4 18.9 13.4
 30.8 25.  25.2  8.8 31.1 13.4 48.3 17.8  5.6 12.7 16.1 20.9 19.9 13.9
 22.6 21.2 21.2 22.9 20.5 22.8 19.4 21.7 23.1 26.5 18.5 20.2 27.5 50.
 21.9 23.4 32.7 14.9 15.6 20.3 11.9 30.5 31.6 21.9 25.  23.  17.   7.2
 44.8] 

Output Values for Test Data before Training: 
 [-40.36821017 -36.9339931   -9.14550969 -12.54590677 -10.03574901
 -12.25208149 -17.87633212 -29.11122083 -35.82787112 -39.47763455
 -14.84569124  -9.75130545  -9.51185016 -37.90386471 -70.65122028
 -61.53639318 -65.75665787 -38.01832061 -25.85702948 -40.48527565
 -19.45611333 -24.92508189 -12.87721724  -6.99942589 -37.58199901
 -62.18051553 -36.60832141 -19.65937158 -16.49566189 -17.52588926
 -20.54522789 -42.37025232 -70.25912936 -18.49654002 -16.55446052
 -66.59280297 -41.68219575 -16.78692544 -12.4223664  -36.34231915
 -23.62674893 -12.26487208 -17.28321357 -64.10855086 -16.82209134
 -22.55077942  -6.2388444  -44.55675557 -17.62846517 -14.19786355
  -8.78310845 -15.39717959 -16.65100214 -11.41478596 -61.59815695
 -21.17333513 -12.28518892 -22.77049578 -16.11054607  -9.26782657
  -9.22307181 -17.04760492 -16.55949391 -17.34782237 -15.74967291
 -11.17974208 -22.90219205 -61.48350216 -59.46673862 -36.80020659
 -15.05341694 -43.79582387 -10.84261775 -13.62707988 -19.61044248
 -16.98541756 -21.42076237 -18.93147633 -14.78111359 -10.9919736
 -15.34353646 -11.95175851 -10.75848049 -58.99887525 -23.48107773
 -13.78324479 -15.65443386 -88.46721094 -23.58279921 -68.11602976
 -11.68491998 -37.08790988 -41.85618785  -7.08153301 -15.1591767
 -17.510135   -43.25789215 -40.68364061  -9.69262079 -18.11598732
 -12.53167864 -16.75524955 -13.25243601 -13.33927195 -22.63570013
 -16.57727796 -23.10655379 -14.26551179 -16.52473737 -12.86508352
 -52.39842243 -12.76684235 -38.42244321 -17.62318687 -16.01321503
 -38.56370702 -15.47480556 -20.01743495 -41.2739232  -22.16109221
 -10.19030433 -38.78529973 -16.30736182 -14.89672722 -15.11858798
 -39.27487041 -11.00483737] 

RMSE Pre-Train Train Data:
 47.72121619844026 

RMSE Pre-Train Test Data:
 50.013359727746916 

Final I-->H Weights:
 [[ 1.17042171e-01 -1.31873480e-01  1.32525097e-01 ...  2.23508627e-01
  -5.24596682e-02  1.00032454e-02]
 [ 5.79352375e-02  1.80830239e-01 -5.44899220e-27 ...  1.17377940e-01
  -3.55291010e-02 -1.84088449e-01]
 [ 1.85046500e-01 -2.05584265e-01 -1.27875587e-02 ... -1.20761741e-01
   1.39881090e-01 -1.68264552e-01]
 ...
 [ 2.17602345e-01  1.28175235e-01 -4.53246386e-02 ...  6.21002825e-02
  -3.92348008e-01 -1.03857367e-01]
 [ 2.20259337e-01  6.62819678e-02 -2.27747037e-01 ...  2.14634654e-01
   7.03486691e-02  6.25833639e-02]
 [-1.43469500e-02  1.54630599e-01 -2.29061113e-01 ... -1.68548981e-01
  -6.30772542e-01  6.12980825e-02]] 

Final I-->H Bias:
 [-0.07965368 -0.13579542  0.17962942  0.21199885 -0.1257867  -0.02521252
 -0.01102715 -0.11292848 -0.25457014  0.12925103 -0.09343367 -0.16834769
  0.05750594 -0.13196947  0.19001205  0.16269452  0.17965289 -0.0215048
  0.43920046 -0.12580785 -0.23534098  0.10087789 -0.21702549  0.04686316
 -0.18327882 -0.01156474  0.19099032  0.08345211 -0.12014721 -0.1603064
  0.11953082  0.17573928  0.19062054 -0.17728025 -0.16341025  0.06081934
  0.26145146  0.20293189 -0.02303514 -0.00942759  0.0290484  -0.02941707
  0.17947772  0.25598581 -0.03371403  0.18757201  0.0114929   0.01200314
 -0.16699931  0.1213426  -0.12015009 -0.03695492 -0.12794885  0.08107969
 -0.03678925 -0.03437377  0.27907842 -0.18265568  0.21622029  0.05673834
 -0.23597822 -0.07926127 -0.19000187  0.0376895  -0.00702821  0.38351672
 -0.20977903 -0.09713041 -0.17415377 -0.21943149 -0.17831565  0.05677968
 -0.15423714 -0.12972479  0.11517223 -0.08977956  0.16264105  0.2134394
 -0.18613079  0.13242182  0.16945599 -0.05761875  0.04101641  0.10601697
  0.26114277  0.17084975  0.19577372 -0.15007112 -0.18989607  0.25109885
  0.37634493  0.03153892  0.05024681 -0.20027673 -0.0466188  -0.04789053
 -0.09217214  0.05747761  0.30895121  0.01992707] 

Final H-->O Weights:
 [[-1.96078820e-01]
 [-1.87274036e-01]
 [-1.90597554e-01]
 [ 1.35166058e-01]
 [-3.16600032e-32]
 [ 9.16176489e-02]
 [-1.68232493e-19]
 [-1.89415968e-01]
 [-5.91548509e-02]
 [ 5.80321397e-02]
 [-2.25778684e-02]
 [ 1.07590114e-01]
 [ 1.70006097e-02]
 [ 5.97308512e-01]
 [ 1.40538230e-01]
 [ 1.67548568e-02]
 [-1.61669089e-02]
 [ 7.83984630e-32]
 [ 9.68661473e-01]
 [ 9.20978137e-03]
 [-2.00419574e-01]
 [-2.25599448e-01]
 [-2.19281553e-01]
 [-8.89844569e-02]
 [ 1.70879500e-39]
 [-1.22265083e-01]
 [ 1.77626379e-02]
 [-2.15598785e-02]
 [-1.42048662e-34]
 [ 1.38519266e-01]
 [ 1.16728525e-02]
 [-1.28742122e-01]
 [ 4.15250633e-01]
 [-2.74303282e-17]
 [-9.77151416e-02]
 [-8.22801445e-03]
 [ 1.87834803e-01]
 [ 9.18135547e-02]
 [ 1.58571106e-01]
 [ 5.78442512e-08]
 [ 2.43739129e-03]
 [-4.93501698e-40]
 [-1.61325386e-01]
 [ 1.32249797e-01]
 [ 9.48322280e-14]
 [-7.23704588e-02]
 [ 1.68263902e-02]
 [-6.17702948e-02]
 [ 1.62576721e-01]
 [ 2.40871708e-01]
 [ 2.28521755e-01]
 [-2.70128787e-16]
 [ 1.33532587e-01]
 [ 2.16990566e-01]
 [-1.04936319e-01]
 [ 9.74018347e-40]
 [ 1.84271467e-01]
 [-2.03604238e-01]
 [ 5.95684981e-02]
 [-2.22105731e-01]
 [-2.19382762e-01]
 [ 2.06271774e-01]
 [ 1.86980836e-30]
 [ 1.22541933e-02]
 [ 2.30777447e-01]
 [ 1.19563229e+00]
 [-9.68373243e-02]
 [ 1.59831445e-01]
 [-1.33469435e-01]
 [-6.19187609e-02]
 [ 3.43592605e-18]
 [-1.74938928e-02]
 [-1.17952298e-01]
 [ 6.87114819e-02]
 [ 1.36017290e-01]
 [ 1.02901900e-01]
 [ 7.82170319e-03]
 [-1.22977682e-03]
 [-3.29963391e-40]
 [-5.99635400e-02]
 [-1.56973745e-01]
 [-1.55358625e-01]
 [-1.88933819e-02]
 [-1.11968239e-01]
 [ 1.52897789e-01]
 [ 9.14530578e-03]
 [-7.05576576e-09]
 [ 1.11209470e-01]
 [ 8.50452669e-02]
 [ 1.75753108e-01]
 [ 1.93122162e-01]
 [-2.82397230e-02]
 [-1.86230070e-01]
 [-2.17396801e-01]
 [-1.29059212e-02]
 [-1.74986470e-40]
 [-2.24582518e-04]
 [ 1.78027477e-01]
 [ 4.59528823e-01]
 [-3.36845813e-02]] 

Final H-->O Bias:
 [-0.01265105] 

Target Values for Test Data post Training: 
 [12.  15.2 21.  24.  19.4 22.2 23.3 15.6 20.8 13.8 19.6 27.1 36.5 15.2
 11.7 14.1 17.2 16.8 32.9 21.4 32.4 23.5 20.4 13.1 12.6 10.4 50.  23.1
 13.4 24.3 25.   7.4  7.  22.  15.3  8.4 16.4 18.1 43.8  8.5 18.6 21.1
 50.  11.8 17.4 33.3 14.8  8.8 26.6 16.8 30.1 23.7 50.  19.5 16.1 24.1
 20.4 36.4 41.3 21.7 21.7 14.  21.7 20.4 20.  34.7 24.5 11.7 14.3 13.1
 17.4 20.1 19.5 21.  30.1 18.4 34.6 20.1 43.5 21.6 18.3 21.4 18.9 13.4
 30.8 25.  25.2  8.8 31.1 13.4 48.3 17.8  5.6 12.7 16.1 20.9 19.9 13.9
 22.6 21.2 21.2 22.9 20.5 22.8 19.4 21.7 23.1 26.5 18.5 20.2 27.5 50.
 21.9 23.4 32.7 14.9 15.6 20.3 11.9 30.5 31.6 21.9 25.  23.  17.   7.2
 44.8] 

Output Values for Test Data post Training: 
 [10.17771339 16.9124406  18.12610191 32.45548337 19.81429334 23.33856362
 23.00951466 17.43526599 26.18786101  6.66897165 19.09504339 19.22880627
 36.23699038 14.41921081 10.38602035 14.76617804 13.07170537 22.69344947
 32.29682548 18.83960931 37.34517048 29.17047445 22.51763073 14.41963442
 16.3670108  10.14323692 53.45992777 18.1559808  19.75306387 21.00338868
 23.85108871  6.00644951 12.63918942 22.904896   21.37043999  9.42956647
 19.59595148 17.71545236 36.9115219  13.89227426 23.09628772 23.34046761
 41.7352135  11.45101015 16.4746218  35.31202241 13.66357322  8.81286775
 22.78845527 20.46468549 38.49138165 10.46296748 48.39446098 17.04835293
 17.55316865 23.91241221 19.04120659 37.66195146 33.70183354 20.99576069
 19.69883293 15.11090622 20.49956779 15.8154423  18.96269761 30.68252356
 26.01181602 17.4316675  17.20112813 16.50884023 17.49399457 16.14594298
 17.8279197  20.35893708 35.01270553 17.16491063 29.9592265  18.0728546
 44.10753629 21.71846612 19.96679815 21.2317239  22.00403509 13.99969384
 30.94221168 24.32107151 27.17569275 11.99567197 29.40428252  9.79443882
 38.31618222 17.43806774  8.82798351 13.87955432 16.14778669 21.28404995
 18.50366404 11.59606136 23.6933537  19.36822721 21.70185786 22.14841085
 23.28447284 26.81634292 22.13645519 21.0754077  23.8025058  24.48569621
 21.30121179 10.83270154 19.7767019  38.69921501 19.86219287 22.77748936
 29.25596477 16.83184869 13.73666801 21.97624306  8.17632723 32.16806645
 29.71419152 48.94431604 15.93264566 24.41605412 21.99195553  8.59485066
 39.67221797] 

RMSE Post-Train Train Data:
 3.283085132142526 

RMSE Post-Train Test Data:
 4.558275683861718 

