This is the best scaled run 


PARAMETER DATA: 
 {'activation': 'relu', 'alpha': 0.0001, 'batch_size': 'auto', 'beta_1': 0.9, 'beta_2': 0.999, 'early_stopping': False, 'epsilon': 1e-08, 'hidden_layer_sizes': (100,), 'learning_rate': 'constant', 'learning_rate_init': 0.001, 'max_iter': 2000, 'momentum': 0.9, 'n_iter_no_change': 10, 'nesterovs_momentum': True, 'power_t': 0.5, 'random_state': 13, 'shuffle': True, 'solver': 'adam', 'tol': 0.0001, 'validation_fraction': 0.1, 'verbose': False, 'warm_start': False} 
 

Random Seed used: 13

Number of Layers:  1

Number of Hidden Nodes:  100

Number of Epochs : 2000 (best run)

Initial I-->H Weights:
 [[ 0.12599807 -0.1206395   0.14753073 ... -0.10826532  0.06719411
   0.02352462]
 [ 0.09266246  0.2115489  -0.10043759 ...  0.08565259 -0.09228474
  -0.15517934]
 [ 0.19107681 -0.1969039  -0.01376567 ... -0.11188051  0.13478157
  -0.1569773 ]
 ...
 [ 0.18950438  0.10281413 -0.03646451 ...  0.13638512 -0.17088526
  -0.12335347]
 [ 0.22389344  0.07062166 -0.19166909 ...  0.20592637  0.07014283
   0.06745769]
 [-0.11046692  0.06247705 -0.22758004 ... -0.02632667 -0.14724551
  -0.01694004]] 

Initial I-->H Bias:
 [-0.05044688 -0.10662614  0.18457199  0.20094977 -0.12379478 -0.11264815
 -0.01302008 -0.06555446 -0.22563773  0.0994111  -0.07575286 -0.19034177
  0.03617723 -0.12311244  0.1614306   0.17277292  0.19826572 -0.02347916
  0.1052318  -0.14024704 -0.20827978  0.10914852 -0.20186247  0.07379595
 -0.18527553  0.00505847  0.20997225  0.10925896 -0.11815853 -0.19025293
  0.11292224  0.21515966  0.1437637  -0.17927755 -0.13446942  0.06708637
  0.23151618  0.16267974 -0.05245678  0.00548815  0.04875538 -0.03140635
  0.20812197  0.22657223 -0.03172108  0.20262116 -0.01301045  0.03315024
 -0.21569245  0.09166981 -0.14715344 -0.03894903 -0.17242429  0.06385151
 -0.02695031 -0.03237644  0.10171341 -0.15394091  0.18599807  0.08562289
 -0.20704957 -0.1097494  -0.188001    0.05176895 -0.03706308  0.08529055
 -0.19409099 -0.12598447 -0.13599085 -0.20761076 -0.17632196  0.07761405
 -0.12434624 -0.16335474  0.08945954 -0.12016356  0.16556829  0.219605
 -0.18811245  0.14695526  0.18394044 -0.03674024  0.06581156  0.13237751
  0.22228469  0.20753526  0.21481505 -0.1805209  -0.22112773  0.22215143
  0.21504316  0.04767713  0.07937187 -0.18359328 -0.0242758  -0.04590608
 -0.09017753  0.03562583  0.20433037  0.04801057] 

Initial H-->O Weights:
 [[-0.20019421]
 [-0.19221484]
 [-0.18400844]
 [-0.02076376]
 [ 0.0751687 ]
 [ 0.03273578]
 [-0.13490743]
 [-0.20226758]
 [-0.06249166]
 [ 0.05366397]
 [-0.03757123]
 [ 0.09850383]
 [-0.00592345]
 [ 0.14521793]
 [ 0.13209317]
 [ 0.05463135]
 [ 0.09558362]
 [-0.07288561]
 [ 0.22023424]
 [-0.00618489]
 [-0.20427993]
 [-0.23171803]
 [-0.20829345]
 [-0.10893222]
 [-0.02723511]
 [-0.13792514]
 [-0.1245457 ]
 [ 0.10656219]
 [ 0.06244796]
 [ 0.13189658]
 [-0.00600434]
 [-0.13664569]
 [ 0.24288802]
 [-0.15173123]
 [-0.10230504]
 [ 0.211005  ]
 [ 0.18113253]
 [ 0.06762256]
 [ 0.15675799]
 [-0.157889  ]
 [-0.1755356 ]
 [-0.04075928]
 [-0.17146756]
 [ 0.12879566]
 [ 0.19436817]
 [-0.07869988]
 [ 0.01960184]
 [-0.07072267]
 [ 0.05490932]
 [ 0.23401258]
 [ 0.21985849]
 [-0.16090264]
 [ 0.10343506]
 [ 0.20511758]
 [-0.11391188]
 [ 0.02818683]
 [ 0.0667009 ]
 [-0.2147034 ]
 [ 0.05457959]
 [-0.23227364]
 [-0.22815617]
 [ 0.1954391 ]
 [ 0.08658418]
 [-0.04372725]
 [ 0.21967605]
 [-0.00111915]
 [-0.10105498]
 [ 0.16074931]
 [-0.1450468 ]
 [-0.07262439]
 [ 0.14826238]
 [ 0.04685021]
 [-0.11701606]
 [ 0.05737379]
 [ 0.10323188]
 [ 0.09441794]
 [-0.11584256]
 [ 0.01975945]
 [-0.02588716]
 [-0.07309718]
 [-0.1692749 ]
 [-0.17779111]
 [ 0.02693061]
 [-0.12374758]
 [ 0.07758134]
 [ 0.07085443]
 [ 0.11452293]
 [ 0.10259673]
 [ 0.03099958]
 [ 0.17878908]
 [ 0.07749458]
 [-0.03100661]
 [-0.14739347]
 [-0.21981592]
 [-0.02318725]
 [ 0.02479815]
 [ 0.03862858]
 [ 0.15169205]
 [ 0.11622685]
 [-0.0374353 ]] 

Initial H-->O Bias:
 [-0.04209485] 

Target Values for Test Data before Training: 
 [12.  15.2 21.  24.  19.4 22.2 23.3 15.6 20.8 13.8 19.6 27.1 36.5 15.2
 11.7 14.1 17.2 16.8 32.9 21.4 32.4 23.5 20.4 13.1 12.6 10.4 50.  23.1
 13.4 24.3 25.   7.4  7.  22.  15.3  8.4 16.4 18.1 43.8  8.5 18.6 21.1
 50.  11.8 17.4 33.3 14.8  8.8 26.6 16.8 30.1 23.7 50.  19.5 16.1 24.1
 20.4 36.4 41.3 21.7 21.7 14.  21.7 20.4 20.  34.7 24.5 11.7 14.3 13.1
 17.4 20.1 19.5 21.  30.1 18.4 34.6 20.1 43.5 21.6 18.3 21.4 18.9 13.4
 30.8 25.  25.2  8.8 31.1 13.4 48.3 17.8  5.6 12.7 16.1 20.9 19.9 13.9
 22.6 21.2 21.2 22.9 20.5 22.8 19.4 21.7 23.1 26.5 18.5 20.2 27.5 50.
 21.9 23.4 32.7 14.9 15.6 20.3 11.9 30.5 31.6 21.9 25.  23.  17.   7.2
 44.8] 

Output Values for Test Data before Training: 
 [-0.65486832 -0.27583812  0.28679668  0.56130968  0.25390947  0.57556706
  0.45127095 -0.37825926 -0.24389053 -0.66929214  0.07308361  0.29012727
  0.28663677 -0.08364659 -0.5185842  -0.71465943 -0.78858941 -0.49562626
  0.1498471  -0.70212296  0.09890046  0.26414059  0.52016074  0.26341442
 -0.38168741 -0.81244611 -0.77959329  0.3826684  -0.1096718   0.40649149
  0.22819643 -0.62805643 -1.05613566  0.4521724   0.18240477 -0.5255024
 -0.37868652  0.00250473  0.09539934 -0.39128354  0.44093159  0.57576473
 -0.37036891 -0.53044784  0.06269067  0.47363512  0.19395147 -0.74373306
  0.53542024  0.32770068  0.38844908  0.19468164 -0.71585577  0.2770585
 -0.52733513  0.4917119   0.30143924  0.26373595 -0.28291578 -0.04742618
 -0.01495463 -0.03087223  0.41581228  0.15027479  0.11977381  0.17834592
  0.4254521  -0.57716605 -0.46470742 -0.39762473 -0.23900348 -0.64091528
  0.26784296  0.38453467  0.45770956  0.10070463  0.46816837  0.39603376
  0.13361932  0.29579481  0.37913808  0.00435443  0.4689283  -0.44771596
  0.32593551  0.49540621  0.50652042 -1.39143951  0.31917147 -0.54781812
 -0.04462501 -0.38548304 -0.7260063   0.21594967  0.42696857  0.44989019
 -0.2747663  -0.53223025  0.41799479  0.21530034  0.43093928  0.68250953
  0.48381426  0.398899    0.25923098  0.25618987  0.25305994  0.35397646
  0.14375157  0.46879499 -0.73715861 -0.0110274  -0.3881911   0.33905806
  0.48825246 -0.30872368 -0.1316897   0.41304853 -0.8149103   0.3136858
  0.15276841 -1.06600033 -0.31642078  0.48865156 -0.19843923 -0.50772582
 -0.03561898] 

RMSE Pre-Train Train Data:
 24.397019394537278 

RMSE Pre-Train Test Data:
 23.813323209368843 

Final I-->H Weights:
 [[-0.07027604  0.62182348  0.58296644 ... -0.41006391 -0.24955972
  -0.93585746]
 [-0.04866174  0.0313647  -0.10941623 ...  0.1684931  -0.07193758
  -0.52314465]
 [ 0.17130831  0.03201012 -0.16279771 ... -0.21446617  0.07430438
   0.24382189]
 ...
 [ 0.03370575 -0.79869063  0.19902143 ... -0.13789191 -0.29138618
  -0.88504606]
 [ 1.26613397 -0.76228969 -0.36063315 ...  0.41614213  0.23934024
  -0.06439362]
 [ 0.54946232 -0.83103442  0.03694108 ... -0.10852144 -0.12472621
  -0.27468761]] 

Final I-->H Bias:
 [-0.5290698  -0.28788423  0.04604111  0.71455529  0.26435657  0.34311548
 -0.09895966 -0.29171368 -0.06685773  0.6837103   0.42541094  0.19958238
  0.72536108  0.26362056  0.53128052  0.55633902  0.64105701  0.21818834
  0.41969565  0.24536673 -0.54758328 -0.03107618 -0.47681057 -0.12439294
  0.10142577 -0.23235706  0.14336267  0.50916511  0.22830987  0.13143567
  0.69350172  0.13172293  0.46229705 -0.67036826 -0.15931212  0.4031153
  0.53605605  0.5019633   0.21585104 -0.13612248 -0.1278312   0.33686935
  0.09095347  0.56840895  0.31659806  0.55138998  0.6127282   0.18197377
  0.24365726  0.39843686  0.21402169 -0.19733571  0.16435622  0.4702791
 -0.10959935  0.39539352  0.47885138 -0.30544508  0.51853421 -0.09356891
 -0.30794786  0.26255579  0.23233288  0.48148797  0.30398207  0.5778007
 -0.30317433  0.39416245 -0.39836156  0.98906808  0.04539111  0.53798249
 -0.38119304  0.27042231  0.46392115  0.20685049  0.08918949  0.78036389
  0.11878475  0.12559193  0.07187118 -0.12064521  0.43723758  0.03881717
  0.62066526  0.55304569  0.46737567  0.20444666  0.30068686  0.5363367
  0.58042852  0.55971269 -0.08086582 -0.37060706  0.43192029  0.41781499
  0.36402123  0.3756753   0.56215154  0.47515538] 

Final H-->O Weights:
 [[-0.68077059]
 [-1.23956447]
 [-0.22177265]
 [ 0.3734251 ]
 [ 0.30716523]
 [ 0.30906128]
 [-0.1204944 ]
 [-0.5971756 ]
 [ 0.92058026]
 [ 0.4211021 ]
 [ 0.19791586]
 [ 0.62520653]
 [ 0.44213837]
 [ 0.48007394]
 [ 0.46758157]
 [ 0.31672431]
 [ 0.5075688 ]
 [ 1.03917736]
 [ 0.45602854]
 [ 0.26372956]
 [-0.51216902]
 [-0.76991378]
 [-1.35945608]
 [ 0.30446657]
 [ 0.47694014]
 [-0.27228704]
 [ 0.15773702]
 [ 0.3571512 ]
 [ 0.32122438]
 [ 0.46150836]
 [ 0.4438347 ]
 [-0.09920598]
 [ 0.4658047 ]
 [-1.11045281]
 [-0.87339091]
 [ 0.47502386]
 [ 0.41859634]
 [ 0.29847813]
 [ 0.56995025]
 [-0.46148216]
 [-0.44782352]
 [ 0.66115769]
 [-0.08616352]
 [ 0.36780591]
 [ 0.44322119]
 [ 0.48556161]
 [ 0.36678419]
 [ 0.64292287]
 [ 0.69466397]
 [ 0.62682752]
 [ 0.46470115]
 [-0.26612478]
 [ 0.38520596]
 [ 0.55600384]
 [-0.79631405]
 [ 0.32262455]
 [ 0.32125018]
 [-0.24037999]
 [ 0.29089032]
 [-0.3161608 ]
 [-0.38105705]
 [ 0.47465321]
 [ 0.35349767]
 [ 0.5095846 ]
 [ 0.42238037]
 [ 0.25648335]
 [-0.39523854]
 [ 0.53148178]
 [-0.69963121]
 [ 1.70111995]
 [ 0.38120858]
 [ 0.32708998]
 [-0.91793354]
 [ 0.42202439]
 [ 0.47533421]
 [ 0.33121732]
 [ 0.1002099 ]
 [ 0.38924863]
 [ 0.34876646]
 [ 0.44808273]
 [-0.11190594]
 [-0.59534926]
 [ 0.23879249]
 [-0.62190505]
 [ 0.35914963]
 [ 0.32136955]
 [ 0.36486968]
 [ 0.3362684 ]
 [ 0.47018045]
 [ 0.42024995]
 [ 0.32441718]
 [ 0.42905231]
 [-0.23468815]
 [-0.78864901]
 [ 0.53001014]
 [ 0.26498903]
 [ 0.32920904]
 [ 0.39951331]
 [ 0.34352565]
 [ 0.70473704]] 

Final H-->O Bias:
 [0.18979671] 

Target Values for Test Data post Training: 
 [12.  15.2 21.  24.  19.4 22.2 23.3 15.6 20.8 13.8 19.6 27.1 36.5 15.2
 11.7 14.1 17.2 16.8 32.9 21.4 32.4 23.5 20.4 13.1 12.6 10.4 50.  23.1
 13.4 24.3 25.   7.4  7.  22.  15.3  8.4 16.4 18.1 43.8  8.5 18.6 21.1
 50.  11.8 17.4 33.3 14.8  8.8 26.6 16.8 30.1 23.7 50.  19.5 16.1 24.1
 20.4 36.4 41.3 21.7 21.7 14.  21.7 20.4 20.  34.7 24.5 11.7 14.3 13.1
 17.4 20.1 19.5 21.  30.1 18.4 34.6 20.1 43.5 21.6 18.3 21.4 18.9 13.4
 30.8 25.  25.2  8.8 31.1 13.4 48.3 17.8  5.6 12.7 16.1 20.9 19.9 13.9
 22.6 21.2 21.2 22.9 20.5 22.8 19.4 21.7 23.1 26.5 18.5 20.2 27.5 50.
 21.9 23.4 32.7 14.9 15.6 20.3 11.9 30.5 31.6 21.9 25.  23.  17.   7.2
 44.8] 

Output Values for Test Data post Training: 
 [11.58920771 14.92122683 18.87801195 25.4613873  19.52047556 22.78207689
 21.27702002 18.97756852 26.25862004 13.78892032 20.22308419 17.38076501
 35.45131041 14.14227704 14.95682667 15.23450156 15.20925427 27.10416739
 33.93190306 21.77973124 33.80548895 25.99049098 20.05356171 15.30046821
 14.18977514 10.53466615 52.02920343 21.86312883 14.29454562 20.21984534
 24.08812717  8.0345526   8.82073757 18.67957415 20.46196889 10.19238741
 16.580283   15.33903345 45.44583622 16.27717114 18.83714446 20.87203977
 45.58819866  9.15006099 15.66888258 37.10624061 14.68962483 15.14034895
 28.79768432 19.33471196 31.91646687 19.5145168  44.45274036 18.97673736
 24.64666163 21.99514419 20.83913989 34.75617485 37.63620119 22.94051293
 20.91505525 13.42530161 19.42494654 19.81816474 18.78990166 32.31318141
 26.77224615 14.48497404 17.00148288 17.37200664 21.16995087 18.22120148
 19.2979261  20.66790619 29.16258421 14.7011019  34.68863546 24.59181803
 45.63351204 20.32445527 18.84817559 21.07049661 22.28945523  8.43118858
 28.68837975 24.30513261 24.54933318  4.07482821 31.70255542 12.8100395
 43.54370135 12.65766298  5.13557035 14.08443979 14.18647421 18.36522301
 20.04178126 10.85249746 25.97887769 18.91416358 21.49344674 25.45641189
 21.61883121 21.85178078 18.52642062 20.80003415 24.7128167  26.68565626
 21.82805516 14.29400284 16.51131597 50.84418008 25.5938561  23.00706521
 29.99759511 16.15434295 13.28714771 19.07076848 19.47250708 27.87849788
 31.70229156 45.830773   21.74479257 22.82023467 18.95304412  8.30706302
 44.57938748] 

RMSE Post-Train Train Data:
 2.213970565202665 

RMSE Post-Train Test Data:
 3.7609110979573246 

