Initial I-->H Weights:
 [[-0.00973985  0.16080422 -0.11433025  0.09965362 -0.1295392  -0.1427675
  -0.06782237  0.03573934 -0.14846394  0.04099617  0.04170203 -0.13297359
  -0.11672237  0.08900509 -0.0178146   0.01848443 -0.07161165 -0.07133468
   0.04402913 -0.026247   -0.16854002 -0.07217583  0.09961383]
 [-0.165063    0.0761447   0.0263174   0.06102007 -0.16404037  0.07709365
   0.01367103 -0.11743229  0.06610504 -0.12493267  0.15541004 -0.0744941
  -0.08318408 -0.14185949 -0.1080433   0.06519136  0.1562222  -0.12568607
   0.04342797  0.09350171 -0.16316741  0.12840571 -0.02676471]
 [-0.13987908  0.03855219 -0.069866    0.00358417 -0.00299883  0.01461566
  -0.02258322 -0.04468715  0.13993846  0.10003594 -0.07454756 -0.09272487
   0.08020531  0.0773292  -0.13523065  0.08891326  0.0858221   0.01385655
  -0.16125152 -0.06499887 -0.06217303  0.01766868 -0.13168658]
 [ 0.03588004  0.12554993 -0.01571218 -0.03511805 -0.06963165  0.03305238
  -0.14817973  0.16075218  0.03820861  0.16183535 -0.03417164  0.02882372
  -0.10750774 -0.11235513  0.07272344 -0.01731824 -0.00991457  0.10570612
  -0.16137929 -0.12359511 -0.1553849   0.12802994 -0.00595664]
 [ 0.16733681  0.16161987 -0.02312729  0.04756572  0.02039512  0.04038385
   0.05005667 -0.04070864 -0.09024639  0.08715986  0.07805105  0.00313702
   0.08495264  0.00619963 -0.0643573   0.12582639 -0.07491419  0.09341982
   0.04810688  0.05817508  0.04889371 -0.02607401 -0.10828898]
 [ 0.06917645  0.09242717 -0.15067406 -0.12870151  0.06131326 -0.08217912
   0.10785466 -0.00954203 -0.03150883  0.01346812 -0.1006033  -0.01928542
   0.13523173  0.16484452 -0.00415418 -0.0514915  -0.02052344 -0.11301716
  -0.05499802  0.14684958  0.1000568   0.15139873  0.06884108]
 [ 0.00028518  0.08323813 -0.05487884 -0.02872168  0.16017212 -0.00064858
   0.06777164 -0.07845927 -0.15599376 -0.06454763 -0.02815696  0.13341493
   0.08535235  0.06196885 -0.16224478 -0.09968281 -0.16262859 -0.09741295
   0.13672708 -0.13771395  0.15630835  0.0350624   0.09307401]
 [ 0.02678288 -0.14677322  0.09119483 -0.05722406 -0.07271853 -0.16055878
   0.07418557 -0.07197948 -0.02034152 -0.0177364   0.0206727  -0.16703379
   0.14864218  0.15947465  0.09229926  0.05925795 -0.00885367  0.15168055
   0.12422508 -0.1535743   0.02557696 -0.01106854 -0.06166743]
 [-0.16605984  0.09990191  0.04274881  0.07109915  0.07732684  0.13031039
  -0.01621419  0.04732261  0.00734546 -0.1155832   0.07203516  0.08446368
  -0.04615887 -0.02182388 -0.10463852  0.13581177 -0.05914132 -0.05730599
  -0.01632866  0.11263446  0.12125739  0.00129939  0.1384496 ]
 [-0.16687815  0.14990394  0.14421201  0.06781606 -0.09094936 -0.08879399
  -0.033069   -0.07217478 -0.05534929 -0.11587545 -0.05144625  0.03790313
   0.04511331  0.00070835 -0.04941093 -0.15376858 -0.00197153 -0.084298
   0.07928895 -0.00577609 -0.10313462  0.11904444  0.16229328]
 [-0.03960243  0.05463992  0.00270187  0.05180877 -0.05439162 -0.03635071
   0.03615607 -0.0937246  -0.15941108 -0.16675088 -0.16488755  0.08961734
  -0.00851636  0.11113677  0.15174135  0.10535271  0.02985639  0.02589279
  -0.10973525 -0.02193334 -0.16655261  0.07034918  0.00789208]
 [ 0.05817343 -0.09751153  0.16407172 -0.00631191 -0.01125304  0.05425379
  -0.04949574 -0.00795447  0.01009738 -0.02162023  0.01637404  0.08000998
  -0.01662325  0.09790969  0.0621141  -0.02767182  0.10469027  0.04497178
   0.00754902 -0.06276727  0.02150754  0.01960826  0.02211873]
 [-0.00697373 -0.15517364 -0.07114017  0.14403977  0.04229019  0.17110213
  -0.16832687 -0.15857161  0.17091035  0.12102852  0.09855811  0.03661251
  -0.02694365 -0.01276313  0.14607102 -0.03935592  0.03870937  0.1140499
  -0.06707375  0.11695458  0.16611363  0.07729853 -0.11672631]
 [-0.07152277  0.0185802  -0.04789821 -0.08444511 -0.03520369  0.15894294
   0.09370103 -0.05928889 -0.03827382  0.11179027  0.14490918  0.01052389
   0.04386828 -0.09712076 -0.1669595   0.08560817 -0.0246305   0.11678786
  -0.10237556 -0.10175899 -0.0528735  -0.00712842 -0.13703201]
 [-0.14888898  0.08142142  0.11674373 -0.10095496 -0.04400764 -0.08829708
   0.01151124 -0.07834935  0.17119666  0.03892628 -0.11369926 -0.13684193
   0.14995775 -0.15739608  0.10127645 -0.07357365 -0.07266938  0.15798931
   0.01886648  0.09686982 -0.10167035  0.14465265  0.07955357]
 [-0.13980341  0.02540295  0.11035368 -0.09483773  0.09712853 -0.05742822
   0.11860497 -0.10121588  0.07705034  0.05855258  0.05105162  0.13024599
  -0.11721299 -0.11279521 -0.1111981   0.07148248 -0.15958679 -0.13101012
  -0.03876891 -0.06685582 -0.15825807  0.13313116 -0.02877179]
 [-0.11607527 -0.15368866  0.0985975  -0.13571857  0.1493054   0.11512164
  -0.08717951 -0.16614251  0.0649166   0.09573975 -0.03654739 -0.16774645
  -0.03847116 -0.14611712 -0.13993766  0.03159343 -0.13607851  0.11307983
   0.00990849 -0.17131631  0.15976075 -0.13861636  0.04485918]
 [-0.04665153  0.10572548  0.05505511  0.08267943 -0.12800095  0.10556339
  -0.11878535 -0.04798811  0.03593855 -0.12825188 -0.14550228 -0.1089213
   0.04302916  0.05584893 -0.09842981 -0.08471776  0.12265311 -0.14839973
  -0.13464333  0.07502611  0.0637186  -0.03648771  0.13547223]
 [ 0.06903917 -0.12933355  0.04307608  0.08897998 -0.00485067  0.08262213
  -0.16141719 -0.11823732 -0.00863262  0.16840198  0.03646008 -0.16956148
   0.11165064 -0.07967015 -0.05773876 -0.12146233 -0.1714198  -0.0020516
   0.07311819  0.14992685  0.03814003  0.07987692 -0.1554139 ]
 [-0.1232264   0.10801593 -0.05144478 -0.13955298  0.17125621 -0.03541692
   0.0366362  -0.10999103 -0.03647903  0.14872432 -0.06927764 -0.14599153
   0.16294736 -0.16786258  0.08028482 -0.15380379 -0.11898105  0.14691456
   0.06013245  0.04988825 -0.15995769  0.07109843  0.07160249]
 [-0.00636973  0.00826907 -0.15770428  0.07212081  0.07180291  0.08470514
   0.08096586 -0.15393687 -0.04471196 -0.07441127  0.04325093 -0.10288844
  -0.05715654  0.02510581  0.09157024 -0.14585949 -0.05234178  0.12549365
   0.00304825 -0.03334945 -0.13524034 -0.06067212  0.03209753]
 [ 0.06448514  0.11164095 -0.08784223 -0.03014421  0.165391    0.07644914
   0.07251355  0.02474892  0.0871473   0.15332552  0.0916003   0.04120536
  -0.13247137  0.1391698  -0.00532403  0.00031992 -0.07937627 -0.03917461
  -0.08619549 -0.08168654 -0.05052498  0.00026649  0.06728445]
 [-0.09155498 -0.01932762 -0.10279841  0.04347836  0.16255125 -0.07513095
  -0.11349046 -0.11281869 -0.00616921  0.05319817  0.01755783  0.0805993
  -0.02780334  0.11861339  0.0439145   0.1409294   0.09616285 -0.12225034
  -0.10437926  0.14900328 -0.1714201   0.09578695 -0.00966254]
 [-0.15287199  0.16155176 -0.08804774 -0.10193313 -0.08045821  0.154277
  -0.08610276 -0.11522058  0.05812697 -0.11293979  0.03482418  0.0622785
   0.07357994 -0.15159821 -0.06151948  0.09509505 -0.10998204  0.07228228
   0.12894099  0.10703221 -0.00172695  0.12316538  0.12499577]
 [-0.1037459  -0.03418493 -0.1330886  -0.01095957 -0.00559676 -0.15417949
   0.02008958  0.1712053   0.12510509 -0.00182679  0.14725147  0.00930967
  -0.006232    0.02665052  0.09041349 -0.08220509 -0.04599855 -0.16603433
  -0.02076379 -0.07147032 -0.07287712  0.16712575 -0.09325904]
 [-0.14456999  0.03546479  0.01284312  0.14329884 -0.13871817 -0.05957205
  -0.0184927  -0.1003522   0.08448974  0.13417858 -0.08418912 -0.11395959
  -0.08848429 -0.03974241 -0.04092432  0.00335378 -0.06091067 -0.15100769
   0.1567105   0.04537863 -0.12441025  0.14781505  0.04258883]
 [ 0.00808711 -0.02260959  0.07819921  0.12176946 -0.02413678  0.07366066
   0.16540538 -0.01850398  0.16964122 -0.11324398 -0.12841809  0.05313578
  -0.012421    0.06166585  0.07131007 -0.04618681  0.00985709 -0.12602471
  -0.07502395  0.06991834 -0.14519079  0.03500253 -0.06496594]
 [ 0.10360112 -0.04501457  0.05524492  0.07900873 -0.0732463  -0.16204819
  -0.04863905 -0.13600094  0.09082839 -0.00427145  0.09644025  0.13949737
   0.13755177  0.0616821   0.1197283  -0.02303121  0.10681231 -0.00650614
  -0.09604008 -0.13746836  0.1541688  -0.09378075 -0.15780136]
 [ 0.0955195  -0.14219381 -0.07604208  0.06948119 -0.07567166 -0.11346284
  -0.00845567 -0.09439638  0.16471029 -0.10786428  0.03836726  0.08920649
  -0.13154874  0.14566247 -0.14248543  0.154068    0.09186148  0.03622782
  -0.14944339  0.15411831 -0.04320892  0.0970146   0.0633061 ]
 [-0.03569658 -0.10089562 -0.03372264  0.12271685 -0.15771815  0.01305562
  -0.01465722  0.07301296  0.07247644 -0.01423499  0.12869306  0.11083726
  -0.12409866  0.1120791  -0.12455939  0.05060315  0.0500679  -0.12308709
   0.04404238  0.144099   -0.16343692  0.08746215 -0.10442263]
 [-0.11117593  0.09935287  0.10562843 -0.02673852 -0.11183251 -0.09013007
  -0.10630657 -0.15969127 -0.11451459 -0.06920489 -0.14689589  0.12322952
   0.05208342  0.15350961  0.1076896   0.15471214  0.02037782  0.04128475
   0.00322357 -0.00931472  0.05956001 -0.13319942 -0.07819735]
 [-0.15504453  0.09609625 -0.06954777 -0.15662498  0.02599451 -0.00097362
   0.0933594   0.1700276   0.11673588  0.02802212 -0.10115141 -0.08871892
  -0.03527784  0.05894101 -0.16450732 -0.0611806   0.13603073 -0.08858172
   0.14589071  0.12535423  0.09485557 -0.140143   -0.13141656]
 [ 0.02750325 -0.05000796  0.16733588 -0.06065906  0.02321919  0.03773333
   0.05486418 -0.04036134  0.15339158 -0.11152342 -0.1087668   0.11660431
  -0.1584437  -0.03977173 -0.06732142 -0.01299237  0.00531093 -0.08597373
   0.03879889  0.15242088 -0.14878364  0.10050908 -0.02692511]
 [-0.13063013  0.08867271 -0.00357161 -0.01812341  0.08260176 -0.02268017
   0.01965506  0.07465701  0.01996605  0.12540356  0.01098943 -0.16581511
  -0.15746289  0.03827075 -0.06238934  0.07716776  0.11798478 -0.00025677
  -0.02336849 -0.06750462  0.10788058  0.14478012  0.09279109]
 [ 0.06298062  0.13404038  0.08587234  0.02366653  0.101351    0.094861
   0.12125571 -0.04568099 -0.07664853 -0.15678309  0.03130716  0.16545608
  -0.10694141 -0.02744665  0.16709196  0.0876947  -0.01157243  0.09704299
  -0.1219937   0.11379524 -0.14806934  0.03375811 -0.12866638]] 

Initial H-->O Weights:
 [[-0.0538937 ]
 [ 0.13010474]
 [ 0.07635594]
 [ 0.12369902]
 [-0.07802769]
 [ 0.10486928]
 [ 0.12817814]
 [-0.02464329]
 [ 0.12409938]
 [-0.10266577]
 [ 0.03433235]
 [ 0.00436195]
 [ 0.0632575 ]
 [ 0.0080738 ]
 [-0.02805929]
 [ 0.11383854]
 [ 0.07342201]
 [-0.15651399]
 [-0.08276488]
 [ 0.0272231 ]
 [ 0.05290793]
 [ 0.17904454]
 [-0.07260712]
 [ 0.14438797]] 

Number of Hidden Nodes: 23 


Pre-Trained Training Data -- confusion matrix:
 [[100. 180.]
 [  0.   0.]] 
Fraction correct: 0.35714285714285715 

Pre-Trained Testing Data -- confusion matrix:
 [[26. 45.]
 [ 0.  0.]] 
Fraction correct: 0.36619718309859156 




 Training the neural network now....... 


Number of Training Examples: 
 280 
 

Learning Rate:
 0.25 


Number of Epochs:
 3700 


Final I---->H Weights:
 [[-8.24152051e-02  5.46364716e-02  2.30392336e-03  1.49943527e-01
  -3.24775599e-01 -3.69295573e-02  2.96712428e-02  4.25657246e-01
   2.63878485e-01 -4.95657652e-01 -4.73047605e-02 -1.80706315e-01
  -1.51311275e-01 -9.37358707e-02 -4.07274948e-01 -1.84582951e-01
  -6.72842743e-02  9.43911069e-02 -1.66130060e-01  6.07867241e-02
  -2.76993705e-01  6.06289960e-02 -1.21432318e-01]
 [-1.65062997e-01  7.61447002e-02  2.63173988e-02  6.10200716e-02
  -1.64040369e-01  7.70936545e-02  1.36710271e-02 -1.17432286e-01
   6.61050378e-02 -1.24932669e-01  1.55410038e-01 -7.44941018e-02
  -8.31840771e-02 -1.41859485e-01 -1.08043296e-01  6.51913642e-02
   1.56222196e-01 -1.25686070e-01  4.34279722e-02  9.35017080e-02
  -1.63167409e-01  1.28405714e-01 -2.67647117e-02]
 [-1.38630522e-01 -1.56860321e-01  1.60660001e-01  7.76626291e-02
   1.19241970e-02  1.53787448e-01  7.90061800e-02 -4.35334542e-02
   1.04390212e+00  1.70409690e-01 -7.60745105e-02  8.51716335e-02
   2.39386535e-01  4.49101117e-02  1.90723738e-02  8.90797162e-01
   1.63992010e-01 -3.75684547e-01 -3.54873661e-01  8.44198291e-02
  -7.96106957e-02  6.72134181e-01 -3.61315961e-01]
 [-8.73967331e-02 -2.30574741e-01  1.96274743e-01 -3.11158235e-03
  -4.22033350e-01  1.12782824e-01 -8.22108472e-02  8.35425912e-01
  -1.37608607e-01  1.05386878e+00 -5.36129671e-02  2.04926963e-01
   2.93576125e-01 -6.98187799e-02  1.63383015e-01 -1.85643590e-01
   1.54131345e-02 -5.08426795e-02 -3.74904050e-01  2.06131169e-02
  -1.74805736e-01  2.09262188e+00 -2.18498505e-01]
 [ 3.11647483e-01 -1.33993832e-01  2.29234966e-01  5.54326020e-02
   5.94414628e-01  2.30558907e-01  1.55608034e-01 -1.26790508e+00
   1.72913434e-01  5.24721888e-01  5.95004934e-02  2.78412178e-01
  -7.19272176e-02 -2.14232074e-01  6.99031670e-01  1.72451184e+00
   2.39768595e-02  6.28464493e-01 -8.56742733e-02  2.12922124e-01
   2.48492254e-02  9.75794544e-01 -2.68270286e-01]
 [ 1.00022344e-01  8.55463723e-02 -1.78470535e-01 -1.28322538e-01
   5.61866209e-01 -1.11241157e-01  1.44515650e-01 -6.89581026e-01
   1.09902843e-01  1.49744521e-01 -9.56915566e-02 -7.58679810e-02
  -1.23040712e-01  5.01971573e-01  3.52031011e-01 -6.39535861e-01
   1.00358646e-02 -5.16991160e-01 -7.58958982e-03  1.01514330e-01
   1.63063260e-01  6.93530903e-02  4.35036197e-03]
 [ 1.35120920e-01  2.90876726e-02  2.59970303e-01 -6.16488067e-02
  -9.63970459e-02  1.81069849e-01  1.47282677e-01 -4.44425396e-01
  -1.46836469e-01 -1.20858686e-01 -1.06636630e-01  5.04319048e-01
   2.27273278e-01 -7.07921610e-02  7.21090025e-01  7.07453207e-01
  -8.93578538e-02 -2.52138529e-01  4.00213410e-02  3.14645152e-02
   1.22089306e-01  7.40699224e-01 -2.09873556e-01]
 [-8.02324613e-02 -1.97551741e-01 -1.76794821e-02  5.84492099e-02
  -2.97302060e-01 -1.96607409e-01  1.25602697e-01 -6.02920733e-01
   4.12047342e-01  1.18293195e-01  6.85782066e-02 -3.95988220e-01
   7.00919320e-01  4.58262006e-01  1.32895691e+00  3.07512543e-01
   2.98889818e-02  7.15728230e-02  3.48974955e-02 -9.93143644e-02
   9.06935325e-02  1.40500649e-01 -7.79097162e-02]
 [-9.22009098e-02  4.94270130e-01  2.94874872e-01  9.12953475e-02
   1.03541160e-01  2.65378467e-01  2.32785555e-02  3.88967097e-01
   2.21481839e-01 -6.69590173e-01  2.13185401e-02  3.89016456e-01
  -5.51860720e-02 -1.63826717e-01 -4.50564159e-01 -3.28237907e-01
  -1.85936739e-02 -6.20662347e-01 -4.79693148e-02  2.58768224e-01
   7.87935194e-02  7.17079990e-01 -1.56453657e-01]
 [-2.12828545e-01  1.71273439e-01  1.66146963e-01 -5.89830416e-02
   7.71325496e-02 -1.65290304e-02 -2.33638431e-02 -4.81801594e-01
   2.13170511e-01 -1.96659484e-01 -1.35353257e-01  3.65948474e-02
   3.71813524e-02 -1.42821584e-01 -2.65527148e-01  7.76434234e-02
   1.32016258e-02 -6.66463031e-01 -7.56287789e-03  6.25487379e-02
  -1.43762996e-01 -8.49804833e-01  1.02054832e-01]
 [-3.58774076e-02 -3.48049216e-01 -8.40779557e-02  2.41277104e-02
  -8.57861534e-02 -4.26548657e-02  2.83554840e-02 -2.39296849e-01
   2.33961033e-01  2.21264334e-01 -6.59351707e-02  1.05649894e-01
  -7.52926072e-01  6.48838936e-02  3.89509931e-01  9.14408110e-01
   4.17650038e-02  4.96249193e-02 -1.46934994e-01  1.94923607e-03
  -1.75858312e-01 -1.23418721e+00  4.83863465e-02]
 [ 8.14615586e-02 -1.13834978e-01  1.79418369e-01 -3.17076942e-03
  -2.00526677e-02  7.77513615e-02 -3.55590584e-02  8.96669780e-02
   2.26451259e-02 -4.21148218e-01  1.07192799e-02  9.65398884e-03
   2.43155876e-01  1.29909634e-02  7.79134382e-01  5.09628354e-01
   1.24329571e-01  1.40109677e-01 -3.40465722e-02 -2.09579693e-02
   2.79236234e-03  7.61523201e-01  1.36422039e-01]
 [ 7.33559458e-02 -5.45203607e-02 -1.00613882e-02  2.06349283e-01
  -2.78549720e-01  2.02309218e-01 -1.55230310e-01 -5.14570517e-01
   6.80582762e-01  1.67878135e-01  1.47239233e-01  1.76080620e-01
   4.66057194e-01  1.54119940e-01  2.49169487e-01 -6.15181724e-01
   7.51327226e-02 -1.27263494e-01 -8.68415637e-02  1.72961416e-01
   1.30797066e-01  5.48803816e-01 -1.81511478e-01]
 [-4.52900384e-02 -1.18424794e-01 -2.40901515e-01 -2.36656670e-02
  -2.70061472e-01  1.36380642e-01  1.20643116e-01 -7.52793149e-02
  -8.82926818e-02  2.85338144e-01  2.21404229e-01 -1.06357734e-01
   8.56180430e-02 -4.42913474e-01  2.92361133e-01  9.82913382e-01
  -3.52548845e-02  1.25834636e+00 -1.73057711e-01 -1.06367836e-01
  -2.32217517e-02 -4.34465582e-01  9.00239035e-02]
 [-2.13898884e-02  1.60335254e-01  2.79544281e-01 -7.08140814e-02
  -3.95206163e-01 -2.24876744e-04  4.10477122e-02 -3.33359126e-01
   5.77408067e-01 -2.78003518e-01 -1.14752499e-01  5.74677215e-02
   2.45968472e-01 -2.50202321e-01  6.44601685e-01 -1.99249909e-01
  -2.17709813e-02  1.23361075e-01  3.14908579e-02  1.45836943e-01
  -1.29845483e-01  3.87212048e-01  4.64514902e-02]
 [-1.57755610e-01 -1.82406086e-01  1.81501665e-01 -1.95800355e-01
   6.18594867e-01 -2.12881545e-02  1.36707010e-01 -6.13297986e-01
  -2.59106337e-03  9.45529201e-02  1.15300039e-02  1.36474700e-01
  -6.20786394e-02 -4.09954568e-02  5.58939301e-01  4.99734416e-01
  -1.02923457e-01 -5.08905277e-01 -6.53467433e-02 -9.40422735e-04
  -1.46332249e-01  6.86792302e-01 -2.10369157e-01]
 [-1.55214659e-01  1.11500506e-01  9.55908854e-02 -1.38925959e-01
  -3.10919303e-02  1.40538426e-01 -6.99997335e-02  2.15539349e-01
   1.83841443e-01 -2.35312464e-01  4.03120859e-03 -1.48055510e-01
   2.26797719e-01 -2.47061006e-01 -4.42888820e-01  4.54671158e-01
  -1.37913950e-01 -2.42269802e-01 -1.03997382e-01 -1.85706668e-01
   1.02963428e-01 -8.88320927e-02  3.33657833e-02]
 [-2.62137866e-02  3.76181131e-01 -5.04437457e-02  1.17045036e-01
  -2.27154561e-01  7.13747529e-02 -8.50531549e-02  3.16028297e-02
   2.51354526e-01 -1.24172633e-01 -1.02316141e-01 -2.55846616e-01
  -5.00632795e-01  1.70687251e-01  5.52390847e-01 -3.66769286e-01
   1.43820076e-01  3.25933133e-01 -1.55800052e-01 -6.18934845e-03
   1.08216383e-01  2.92448093e-01  3.32027487e-01]
 [ 2.45124316e-01  2.46321286e-01  2.14315397e-01 -3.99507038e-02
   2.13264671e-01  1.68193085e-01 -1.81539635e-01 -1.57435225e-01
   2.42363739e-01 -3.05346083e-01 -4.71715117e-02  9.52312970e-02
   1.58799452e-02 -4.06690162e-01  3.71624302e-01  4.30900837e-01
  -1.27993129e-01  7.61578142e-02  1.02902478e-01  2.34685118e-01
  -5.41663986e-03  3.83492403e-01 -2.52652551e-01]
 [-2.58629487e-01  1.56174572e-01 -3.66461032e-01 -2.67964987e-02
  -6.49860225e-01 -1.91725171e-01  3.50957959e-02  1.58958960e-01
   5.77202431e-02  7.08636339e-01  8.17259824e-02 -4.34251953e-01
   5.35504278e-01  1.74039768e-01  4.82229315e-01 -1.16768682e+00
  -1.67783579e-01  4.59861767e-01 -8.33427977e-03 -9.94385648e-02
  -1.08787513e-01  5.76774179e-01  2.79583720e-01]
 [ 4.77795757e-02  6.14587603e-01 -1.29939744e-01  1.32199321e-01
  -5.82898838e-02  1.47218103e-01  1.43987091e-01 -1.87792462e-01
   7.25827876e-01  1.70106994e-01  7.84996729e-02  1.30069812e-01
   2.90549466e-02  1.27429078e-01  3.01044839e-01 -1.18906223e+00
   4.38454146e-04 -5.79463887e-02  3.79211525e-02  6.54074203e-02
  -1.27359075e-01  4.95531422e-01 -1.30990939e-01]
 [ 9.90701325e-02 -3.09995434e-01 -2.97249618e-01 -1.89266919e-01
   4.90049441e-01 -6.29024850e-02 -3.91060076e-02  1.12504329e-01
  -9.85052297e-02  5.52407537e-01  1.11949379e-01 -2.46234180e-01
  -3.56389575e-01  6.59763319e-02 -4.34760049e-01  7.21614598e-02
  -1.40150245e-01  2.82464553e-02 -9.95064598e-02 -2.28791694e-01
  -6.96345107e-02 -4.38504255e-01  4.16679074e-01]
 [-1.27400240e-01  1.33967330e-02 -1.16965283e-01  8.40713194e-02
   6.23506424e-01 -5.15780514e-02 -7.84567056e-02 -6.86378675e-01
   4.96610095e-01  3.55316786e-01  1.04762662e-01  9.68806155e-02
  -6.28608328e-01  7.87349127e-02  4.20204456e-01  3.82248557e-01
   1.26821963e-01  5.56660488e-03 -2.51343197e-01  1.78520365e-01
  -2.00211496e-01  8.95878416e-01  3.06483620e-02]
 [-2.03482532e-01  5.12185340e-01 -3.35849436e-01  4.53711004e-02
  -6.80199559e-01  5.64317921e-02 -1.09195809e-01  1.16237584e+00
   3.58689104e-01 -4.43582061e-02  6.16814012e-02 -1.12099223e-01
   2.35346799e-01 -4.45582418e-01 -5.57235915e-01 -2.18328636e-02
  -1.62528362e-01  4.11799144e-01  1.45614289e-01  7.90965409e-02
  -3.41645207e-02 -8.87850880e-01  3.38908117e-01]
 [-1.42410664e-01  2.97766556e-01 -1.82968770e-01  1.62294208e-02
  -5.17532828e-01 -1.35838674e-01  3.01494822e-02  7.77932259e-01
   1.63581446e-01 -2.38005570e-01  1.65596109e-01  6.66493154e-02
   2.17963297e-01  9.01693636e-02  3.21813370e-01 -7.13002876e-01
  -7.36216341e-02 -1.28211056e-01 -7.60186631e-02 -8.78755060e-02
  -1.05225514e-01  3.57746795e-01 -1.20269179e-01]
 [-1.20884828e-01  1.98697048e-01 -1.74273302e-01  2.46893849e-01
   8.91256053e-02 -1.88495232e-01 -6.23205562e-03  3.70126560e-01
   2.19383371e-01 -3.18829388e-01 -5.00168278e-02 -3.56046614e-01
  -3.69573868e-01 -2.50493076e-02 -5.81502160e-01 -6.06763322e-01
  -7.72211408e-02 -1.54141217e-01  2.43255323e-01 -1.12227850e-01
  -1.13261127e-01  4.47772316e-01  2.40089135e-01]
 [ 1.23338298e-02 -5.63910673e-01 -1.55580211e-03 -1.43322257e-01
  -1.27775222e-01  1.57437234e-02  4.27526505e-02  4.81549649e-01
   3.44247519e-01 -2.67262745e-01 -1.72544465e-01  1.85607418e-01
  -4.26659988e-01 -1.70064513e-01 -1.25860822e-01  2.72332751e-01
  -2.26896782e-02 -3.17079501e-01 -1.56402962e-01  5.03701154e-02
  -2.41428864e-01  3.28202117e-01  3.95044570e-04]
 [ 1.49065019e-01  3.68182064e-02 -2.48802187e-02  2.75974798e-02
   4.94794019e-01 -2.06971062e-01 -9.18559753e-02 -5.72341005e-01
  -1.63000632e-01 -2.24146143e-01  5.84057277e-02  4.35970702e-02
  -2.90764753e-01  2.60110828e-01 -1.04222728e-01 -6.70238403e-01
   1.05231353e-01 -7.74111479e-01 -8.11739565e-02 -1.44427891e-01
   1.35685550e-01 -1.64448070e-01 -1.66657142e-03]
 [ 7.48156140e-02 -3.15920235e-01 -2.92111687e-01  8.07575847e-02
  -5.66915252e-01 -1.29369668e-01 -9.36404167e-03  2.75473929e-01
   6.63515293e-01 -5.29267141e-01  1.07487536e-01  4.34926246e-02
  -4.84325500e-01  3.32690755e-01  9.70763053e-03  4.03646525e-01
   1.02983257e-01 -4.45623720e-01 -2.42708289e-01  1.96135152e-01
  -3.74740827e-02  1.20997270e-01  1.00009176e-01]
 [ 3.88835444e-02 -5.81139891e-01  1.16089236e-01  1.01814885e-01
  -2.15102626e-01  2.88986332e-02 -5.25735108e-04  5.06434042e-02
   3.45284115e-01  5.97759998e-02  1.23647530e-01  1.83354413e-01
   3.13877654e-01  7.79166800e-02 -5.08485831e-01  1.57405228e-01
   9.44830068e-02 -2.63846964e-01 -3.35895027e-02  2.05614506e-01
  -1.83707148e-01  7.25347793e-01 -2.10839890e-01]
 [-6.90719074e-02  4.22903670e-01  2.44998404e-01 -4.48004057e-02
  -8.75644139e-01  1.53744465e-02 -4.80498741e-02 -2.45347998e-01
   2.72342583e-01 -1.98952095e-01 -2.06372995e-01  2.27600522e-01
  -1.97491814e-01  7.11156614e-02  9.12095380e-01  4.24263205e-01
   7.58586069e-02  1.40284109e-01 -8.68705264e-02  1.17877468e-01
   1.02793368e-02 -7.43231683e-02 -1.35329304e-01]
 [-1.67114786e-01 -2.62966213e-01 -2.37868278e-01 -1.81954454e-01
   1.66028099e-01 -9.17177085e-02  8.28899145e-02 -1.15670440e-01
  -2.94091090e-01 -2.56828628e-02 -1.40100310e-01 -2.63978186e-01
  -6.09854361e-01  5.51402505e-01 -1.32127877e-01  1.28191085e-01
   1.26544004e-01 -9.50520100e-01  1.38093793e-01  5.28733222e-02
   9.61266893e-02 -1.46604662e+00 -7.97494416e-03]
 [ 1.17725779e-01  4.05922570e-02  1.91991203e-01 -1.78435297e-01
   3.14325179e-01  1.08414366e-01  7.06370249e-02 -8.28691808e-01
   2.99081852e-01 -4.07808198e-01 -1.50131115e-01  1.91108493e-01
  -3.04895197e-01 -1.09393308e-01  3.54493848e-01  3.94142873e-01
   7.56647739e-02  1.82089226e-01  6.51190936e-02  2.51875131e-01
  -1.62953306e-01  5.19761701e-01 -6.04366202e-02]
 [-3.30547560e-02 -1.44273857e-01 -6.34035339e-02 -1.33753578e-01
   3.83596131e-01 -1.51933862e-01 -3.88720054e-02  3.56716243e-01
   1.46258771e-01  6.73304505e-01 -4.70644754e-02 -3.10553288e-01
  -2.63927794e-01  1.33364599e-02 -2.71014469e-01 -3.84972872e-01
   1.56293827e-01 -4.53148263e-02  1.15926825e-02 -8.09267654e-02
   1.27853912e-01  4.33480171e-01  2.25491690e-01]
 [ 1.77314173e-01  3.69767972e-01  2.73194334e-01  1.12777282e-01
   4.32031839e-01  1.39041529e-01  1.90143724e-01  1.97671758e-01
   1.09978548e-01  3.75905894e-01  1.08774219e-01  3.64160911e-01
  -1.80881851e-01 -1.00249327e-01  8.07532605e-01  2.90039639e-01
   6.73368364e-02  5.35352670e-01  6.23302362e-02  1.75916358e-01
  -2.44753142e-02  1.29232547e-02 -1.26404289e-01]] 


Final H---->O Weights:
 [[-2.11020706e-01]
 [ 1.40370543e+00]
 [-8.56146226e-01]
 [ 3.36376634e-01]
 [-1.79398806e+00]
 [-2.44216814e-01]
 [ 4.83695663e-02]
 [-1.71229076e+00]
 [-1.45001975e+00]
 [-1.37858810e+00]
 [ 3.73318180e-01]
 [-8.00518889e-01]
 [ 1.34495489e+00]
 [ 8.51486129e-01]
 [-1.85170942e+00]
 [ 2.44848178e+00]
 [ 7.46578140e-04]
 [-1.33747448e+00]
 [ 5.83662227e-02]
 [-2.59095645e-01]
 [ 7.35859804e-02]
 [ 2.14625131e+00]
 [ 8.59283892e-01]
 [-1.74451013e-01]] 


Post-Trained Training Data -- confusion matrix:
 [[ 99.   0.]
 [  1. 180.]] 
Fraction correct: 0.9964285714285714 

Post-Trained Testing Data -- confusion matrix:
 [[22.  1.]
 [ 4. 44.]] 
Fraction correct: 0.9295774647887324 

